468.0106845 255.974277 
432.5609707 242.5734722 
445.8830277 249.0757927 
454.5337653 253.8974903 
395.1457404 228.176204 
467.0326149 254.484635 
457.7626826 258.486523 
437.9566673 264.8924449 
419.6121076 267.1519047 
360.3354774 274.3981206 
393.8945541 270.4058516 
122.4245978 221.5420491 
146.9128049 211.1450455 
136.9045044 215.9655145 
130.6494404 219.9264476 
175.7275188 203.3999799 
124.0371636 220.63983 
127.2790768 225.1282781 
137.5961553 233.4817958 
149.4888682 238.612207 
194.3198529 253.9363054 
275.7308 273.0278608 
167.2514619 245.2842317 
